108 2 512 1 16 1 0.125 4 256 512 2038805493 results/dse
108 2 512 1 16 1 0.25 4 256 512 2369057362 results/dse
108 2 512 1 16 1 0.5 4 256 512 3997242132 results/dse
108 2 512 1 16 1 1 4 256 512 1813700835 results/dse
108 2 512 1 16 1 2 4 256 512 2218570501 results/dse
108 2 512 1 16 1 4 4 256 512 3704719310 results/dse
108 2 512 1 16 1 8 4 256 512 928474326 results/dse
108 2 512 1 16 4 0.125 4 256 512 2617046132 results/dse
108 2 512 1 16 4 0.25 4 256 512 3154991709 results/dse
108 2 512 1 16 4 0.5 4 256 512 2321627413 results/dse
108 2 512 1 16 4 1 4 256 512 1684990068 results/dse
108 2 512 1 16 4 2 4 256 512 3572349702 results/dse
108 2 512 1 16 4 4 4 256 512 234794036 results/dse
108 2 512 1 16 4 8 4 256 512 3545647706 results/dse
108 2 512 1 32 1 0.125 4 256 512 3905089950 results/dse
108 2 512 1 32 1 0.25 4 256 512 2981469470 results/dse
108 2 512 1 32 1 0.5 4 256 512 2956311757 results/dse
108 2 512 1 32 1 1 4 256 512 2995859968 results/dse
108 2 512 1 32 1 2 4 256 512 267829976 results/dse
108 2 512 1 32 1 4 4 256 512 603170118 results/dse
108 2 512 1 32 1 8 4 256 512 1710486000 results/dse
108 2 512 1 32 4 0.125 4 256 512 1004017768 results/dse
108 2 512 1 32 4 0.25 4 256 512 3143114520 results/dse
108 2 512 1 32 4 0.5 4 256 512 2783005890 results/dse
108 2 512 1 32 4 1 4 256 512 1528666465 results/dse
108 2 512 1 32 4 2 4 256 512 3453200532 results/dse
108 2 512 1 32 4 4 4 256 512 1620679422 results/dse
108 2 512 1 32 4 8 4 256 512 1885729370 results/dse
108 2 512 1 4 1 0.125 4 256 512 3490750878 results/dse
108 2 512 1 4 1 0.25 4 256 512 3538779303 results/dse
108 2 512 1 4 1 0.5 4 256 512 794596520 results/dse
108 2 512 1 4 1 1 4 256 512 1310720008 results/dse
108 2 512 1 4 1 2 4 256 512 965499141 results/dse
108 2 512 1 4 1 4 4 256 512 3911330992 results/dse
108 2 512 1 4 1 8 4 256 512 2756445559 results/dse
108 2 512 1 4 4 0.125 4 256 512 3497484802 results/dse
108 2 512 1 4 4 0.25 4 256 512 293899703 results/dse
108 2 512 1 4 4 0.5 4 256 512 1835500737 results/dse
108 2 512 1 4 4 1 4 256 512 2328549050 results/dse
108 2 512 1 4 4 2 4 256 512 2943332191 results/dse
108 2 512 1 4 4 4 4 256 512 3554933344 results/dse
108 2 512 1 4 4 8 4 256 512 25679430 results/dse
108 2 512 1 8 1 0.125 4 256 512 3724006157 results/dse
108 2 512 1 8 1 0.25 4 256 512 4050004957 results/dse
108 2 512 1 8 1 0.5 4 256 512 1344899809 results/dse
108 2 512 1 8 1 1 4 256 512 2073405975 results/dse
108 2 512 1 8 1 2 4 256 512 986403058 results/dse
108 2 512 1 8 1 4 4 256 512 3537339910 results/dse
108 2 512 1 8 1 8 4 256 512 849779186 results/dse
108 2 512 1 8 4 0.125 4 256 512 1296337360 results/dse
108 2 512 1 8 4 0.25 4 256 512 1442718919 results/dse
108 2 512 1 8 4 0.5 4 256 512 2590563531 results/dse
108 2 512 1 8 4 1 4 256 512 901378682 results/dse
108 2 512 1 8 4 2 4 256 512 1335090044 results/dse
108 2 512 1 8 4 4 4 256 512 2900223861 results/dse
108 2 512 1 8 4 8 4 256 512 617710825 results/dse
2 2 512 1 16 1 0.125 4 256 512 1805587215 results/dse
2 2 512 1 16 1 0.25 4 256 512 986155672 results/dse
2 2 512 1 16 1 0.5 4 256 512 2663825121 results/dse
2 2 512 1 16 1 1 4 256 512 389660301 results/dse
2 2 512 1 16 1 2 4 256 512 3768311307 results/dse
2 2 512 1 16 1 4 4 256 512 2908957789 results/dse
2 2 512 1 16 1 8 4 256 512 2198847773 results/dse
2 2 512 1 16 4 0.125 4 256 512 2294469026 results/dse
2 2 512 1 16 4 0.25 4 256 512 3720243233 results/dse
2 2 512 1 16 4 0.5 4 256 512 317388784 results/dse
2 2 512 1 16 4 1 4 256 512 237733033 results/dse
2 2 512 1 16 4 2 4 256 512 995503205 results/dse
2 2 512 1 16 4 4 4 256 512 439527542 results/dse
2 2 512 1 16 4 8 4 256 512 3491346114 results/dse
2 2 512 1 32 1 0.125 4 256 512 3083853579 results/dse
2 2 512 1 32 1 0.25 4 256 512 3348839591 results/dse
2 2 512 1 32 1 0.5 4 256 512 1582988505 results/dse
2 2 512 1 32 1 1 4 256 512 2561392816 results/dse
2 2 512 1 32 1 2 4 256 512 708800659 results/dse
2 2 512 1 32 1 4 4 256 512 3472441399 results/dse
2 2 512 1 32 1 8 4 256 512 2921941011 results/dse
2 2 512 1 32 4 0.125 4 256 512 1023719500 results/dse
2 2 512 1 32 4 0.25 4 256 512 3396217399 results/dse
2 2 512 1 32 4 0.5 4 256 512 962675897 results/dse
2 2 512 1 32 4 1 4 256 512 1702663078 results/dse
2 2 512 1 32 4 2 4 256 512 719895247 results/dse
2 2 512 1 32 4 4 4 256 512 1181683466 results/dse
2 2 512 1 32 4 8 4 256 512 2053956869 results/dse
2 2 512 1 4 1 0.125 4 256 512 2845960043 results/dse
2 2 512 1 4 1 0.25 4 256 512 489230065 results/dse
2 2 512 1 4 1 0.5 4 256 512 1774107878 results/dse
2 2 512 1 4 1 1 4 256 512 1399798996 results/dse
2 2 512 1 4 1 2 4 256 512 3879622019 results/dse
2 2 512 1 4 1 4 4 256 512 2493498563 results/dse
2 2 512 1 4 1 8 4 256 512 3480318759 results/dse
2 2 512 1 4 4 0.125 4 256 512 3087820968 results/dse
2 2 512 1 4 4 0.25 4 256 512 2071915346 results/dse
2 2 512 1 4 4 0.5 4 256 512 3605750727 results/dse
2 2 512 1 4 4 1 4 256 512 4111934646 results/dse
2 2 512 1 4 4 2 4 256 512 2185710952 results/dse
2 2 512 1 4 4 4 4 256 512 1010028497 results/dse
2 2 512 1 4 4 8 4 256 512 2179816558 results/dse
2 2 512 1 8 1 0.125 4 256 512 1089513643 results/dse
2 2 512 1 8 1 0.25 4 256 512 1748152267 results/dse
2 2 512 1 8 1 0.5 4 256 512 3788490743 results/dse
2 2 512 1 8 1 1 4 256 512 2623425351 results/dse
2 2 512 1 8 1 2 4 256 512 3116595150 results/dse
2 2 512 1 8 1 4 4 256 512 2712713421 results/dse
2 2 512 1 8 1 8 4 256 512 491245496 results/dse
2 2 512 1 8 4 0.125 4 256 512 2904550457 results/dse
2 2 512 1 8 4 0.25 4 256 512 395849305 results/dse
2 2 512 1 8 4 0.5 4 256 512 3783975637 results/dse
2 2 512 1 8 4 1 4 256 512 2841123827 results/dse
2 2 512 1 8 4 2 4 256 512 3267665176 results/dse
2 2 512 1 8 4 4 4 256 512 1705354362 results/dse
2 2 512 1 8 4 8 4 256 512 486045884 results/dse
107 2 513 1 8 1 1 4 256 512 4092894305 results/overall
108 2 512 1 8 1 1 4 256 512 140164581 results/overall
109 2 1025 1 32 1 1 4 512 4096 1712515294 results/overall
110 2 1024 1 32 1 1 4 512 4096 2776935751 results/overall
18 2 1024 1 32 1 1 4 512 4096 3087921981 results/overall
18 2 512 1 8 1 1 4 256 512 2931106777 results/overall
2 2 1024 1 32 1 1 4 512 4096 4057911443 results/overall
2 2 512 1 8 1 1 4 256 512 4224531400 results/overall
4 2 1024 1 32 1 1 4 512 4096 534755151 results/overall
4 2 512 1 8 1 1 4 256 512 2752651151 results/overall
6 2 1024 1 32 1 1 4 512 4096 2538215876 results/overall
6 2 512 1 8 1 1 4 256 512 4101156804 results/overall
107 2 513 1 8 4 1 4 256 512 3055258545 results/overall
108 2 512 1 8 4 1 4 256 512 472156230 results/overall
109 2 1025 1 32 4 1 4 512 4096 3074722182 results/overall
110 2 1024 1 32 4 1 4 512 4096 3986875472 results/overall
18 2 1024 1 32 4 1 4 512 4096 466059723 results/overall
18 2 512 1 8 4 1 4 256 512 1559350466 results/overall
2 2 1024 1 32 4 1 4 512 4096 1968246934 results/overall
2 2 512 1 8 4 1 4 256 512 979192695 results/overall
4 2 1024 1 32 4 1 4 512 4096 695639274 results/overall
4 2 512 1 8 4 1 4 256 512 3768262179 results/overall
6 2 1024 1 32 4 1 4 512 4096 2481911804 results/overall
6 2 512 1 8 4 1 4 256 512 4098413970 results/overall
108 2 512 1 32 16 0.125 4 256 512 1624507107 results/dse
108 2 512 1 32 16 0.25 4 256 512 2429470974 results/dse
108 2 512 1 32 16 0.5 4 256 512 4157707199 results/dse
108 2 512 1 32 16 1 4 256 512 3298783897 results/dse
108 2 512 1 32 16 2 4 256 512 2976902568 results/dse
108 2 512 1 32 16 4 4 256 512 2723738786 results/dse
108 2 512 1 32 16 8 4 256 512 288166601 results/dse
108 2 512 1 4 16 0.125 4 256 512 3213917472 results/dse
108 2 512 1 4 16 0.25 4 256 512 3348250467 results/dse
108 2 512 1 4 16 0.5 4 256 512 3152154701 results/dse
108 2 512 1 4 16 1 4 256 512 3661382752 results/dse
108 2 512 1 4 16 2 4 256 512 4026734153 results/dse
108 2 512 1 4 16 4 4 256 512 3981368686 results/dse
108 2 512 1 4 16 8 4 256 512 2362380018 results/dse
108 2 512 1 8 16 0.125 4 256 512 1101080112 results/dse
108 2 512 1 8 16 0.25 4 256 512 1531886633 results/dse
108 2 512 1 8 16 0.5 4 256 512 4244466511 results/dse
108 2 512 1 8 16 1 4 256 512 1175992172 results/dse
108 2 512 1 8 16 2 4 256 512 312930866 results/dse
108 2 512 1 8 16 4 4 256 512 4002403591 results/dse
108 2 512 1 8 16 8 4 256 512 2331668063 results/dse
108 2 512 1 16 16 0.125 4 256 512 1344472125 results/dse
108 2 512 1 16 16 0.25 4 256 512 2422796393 results/dse
108 2 512 1 16 16 0.5 4 256 512 1520451370 results/dse
108 2 512 1 16 16 1 4 256 512 272587306 results/dse
108 2 512 1 16 16 2 4 256 512 2117554426 results/dse
108 2 512 1 16 16 4 4 256 512 71982303 results/dse
108 2 512 1 16 16 8 4 256 512 1693211929 results/dse
2 2 512 1 16 16 0.125 4 256 512 1088348853 results/dse
2 2 512 1 16 16 0.25 4 256 512 4259919898 results/dse
2 2 512 1 16 16 0.5 4 256 512 2686143988 results/dse
2 2 512 1 16 16 1 4 256 512 1235496210 results/dse
2 2 512 1 16 16 2 4 256 512 3588043788 results/dse
2 2 512 1 16 16 4 4 256 512 1790763098 results/dse
2 2 512 1 16 16 8 4 256 512 293486532 results/dse
2 2 512 1 32 16 0.125 4 256 512 437228957 results/dse
2 2 512 1 32 16 0.25 4 256 512 1218169384 results/dse
2 2 512 1 32 16 0.5 4 256 512 2484564071 results/dse
2 2 512 1 32 16 1 4 256 512 661119625 results/dse
2 2 512 1 32 16 2 4 256 512 3830577584 results/dse
2 2 512 1 32 16 4 4 256 512 3226192798 results/dse
2 2 512 1 32 16 8 4 256 512 1978778110 results/dse
2 2 512 1 4 16 0.125 4 256 512 1742102612 results/dse
2 2 512 1 4 16 0.25 4 256 512 4158804193 results/dse
2 2 512 1 4 16 0.5 4 256 512 3852706265 results/dse
2 2 512 1 4 16 1 4 256 512 3036295160 results/dse
2 2 512 1 4 16 2 4 256 512 745026098 results/dse
2 2 512 1 4 16 4 4 256 512 3822275516 results/dse
2 2 512 1 4 16 8 4 256 512 1700352302 results/dse
2 2 512 1 8 16 0.125 4 256 512 3708881282 results/dse
2 2 512 1 8 16 0.25 4 256 512 2507235545 results/dse
2 2 512 1 8 16 0.5 4 256 512 2501678880 results/dse
2 2 512 1 8 16 1 4 256 512 2203983509 results/dse
2 2 512 1 8 16 2 4 256 512 3598598884 results/dse
2 2 512 1 8 16 4 4 256 512 3702494160 results/dse
2 2 512 1 8 16 8 4 256 512 3107019230 results/dse
107 2 513 1 8 16 1 4 256 512 439456437 results/overall
108 2 512 1 8 16 1 4 256 512 3379464549 results/overall
109 2 1025 1 32 16 1 4 512 4096 2292478530 results/overall
110 2 1024 1 32 16 1 4 512 4096 4031399273 results/overall
18 2 1024 1 32 16 1 4 512 4096 2537164528 results/overall
18 2 512 1 8 16 1 4 256 512 677781464 results/overall
2 2 1024 1 32 16 1 4 512 4096 4000770651 results/overall
2 2 512 1 8 16 1 4 256 512 3100210967 results/overall
4 2 1024 1 32 16 1 4 512 4096 2088772124 results/overall
4 2 512 1 8 16 1 4 256 512 3833773919 results/overall
6 2 1024 1 32 16 1 4 512 4096 617869398 results/overall
6 2 512 1 8 16 1 4 256 512 1500088664 results/overall
107 2 513 1 8 64 1 4 256 512 1146771258 results/overall
108 2 512 1 8 64 1 4 256 512 3972825365 results/overall
109 2 1025 1 32 64 1 4 512 4096 4219266680 results/overall
110 2 1024 1 32 64 1 4 512 4096 3951064050 results/overall
18 2 1024 1 32 64 1 4 512 4096 1164034618 results/overall
18 2 512 1 8 64 1 4 256 512 4231698101 results/overall
2 2 1024 1 32 64 1 4 512 4096 1344514081 results/overall
2 2 512 1 8 64 1 4 256 512 2090712520 results/overall
4 2 1024 1 32 64 1 4 512 4096 2257075821 results/overall
4 2 512 1 8 64 1 4 256 512 1365450445 results/overall
6 2 1024 1 32 64 1 4 512 4096 2665684510 results/overall
6 2 512 1 8 64 1 4 256 512 4265636789 results/overall
